1, 10.73660
2, 38.07950
3, 54.03228
4, 64.32795
5, 76.04191
6, 79.23989
7, 89.90246
8, 91.87635
9, 101.47143
10, 101.73962
11, 111.42707
12, 111.73118
13, 121.69887
14, 123.46852
15, 131.77396
16, 131.00425
17, 140.83820
18, 140.91210
19, 150.41538
20, 155.21641
21, 160.94815
22, 160.51587
23, 170.57615
24, 168.90664
25, 181.90990
26, 178.94322
27, 187.21733
28, 188.56650
29, 199.31985
30, 197.35372
31, 207.77048
32, 206.99380
33, 216.82478
34, 217.22112
35, 225.87916
36, 225.62116
37, 234.94489
38, 235.59088
39, 244.67084
40, 245.03943
41, 254.64512
42, 253.95970
43, 264.71850
44, 263.81575
45, 274.08516
46, 273.33871
47, 282.19548
48, 282.55304
49, 292.70143
50, 292.00364
51, 300.71463
52, 301.50102
53, 310.27582
54, 311.19420
55, 319.98677
56, 320.27766
57, 329.28657
58, 329.73086
59, 338.61844
60, 339.16968
61, 348.62391
62, 348.85746
63, 357.68426
64, 373.26527
65, 407.40474
66, 414.10442
67, 441.83598
68, 439.74580
69, 469.87843
70, 470.45163
71, 496.56565
72, 498.11286
73, 524.21231
74, 525.15921
75, 552.60151
76, 553.28925
77, 579.30363
78, 580.33681
79, 607.41042
80, 608.56421
81, 636.26648
82, 635.29994
83, 664.42136
84, 663.98006
85, 694.88476
86, 694.48154
87, 726.43388
88, 726.29960
89, 753.53897
90, 754.17321
91, 785.36320
92, 783.18247
93, 819.22629
94, 818.30801
95, 857.65418
96, 858.89114
97, 908.17557
98, 907.03281
99, 965.94919
100, 965.91772
101, 1026.49584
102, 1027.88299
103, 1093.39890
104, 1094.11222
105, 1158.85687
106, 1159.32105
107, 1226.18589
108, 1223.97300
109, 1299.34420
110, 1298.26678
111, 1380.46856
112, 1380.14445
113, 1473.85271
114, 1474.92644
115, 1588.17228
116, 1588.49366
117, 1719.59447
118, 1720.84076
119, 1870.06379
120, 1869.44459
121, 2048.67991
122, 2048.68654
123, 2263.42261
124, 2263.60880
125, 2513.45967
126, 2515.48511
127, 2879.60961
