1, 17.29558
2, 28.38533
3, 36.50483
4, 45.68121
5, 56.64317
6, 65.62665
7, 75.30296
8, 84.94511
9, 94.34941
10, 104.38786
11, 114.20269
12, 124.49337
13, 135.29801
14, 144.31248
15, 154.34597
16, 164.60712
17, 174.65528
18, 184.79149
19, 194.39172
20, 204.40649
21, 214.17758
22, 224.26303
23, 234.14409
24, 244.11703
25, 253.62338
26, 263.33981
27, 272.32743
28, 283.62363
29, 294.45700
30, 302.37392
31, 312.95259
32, 321.22176
33, 324.97196
34, 333.59350
35, 343.05157
36, 352.50540
37, 362.58177
38, 371.66261
39, 382.29765
40, 392.08258
41, 401.86405
42, 411.80797
43, 421.92142
44, 432.50876
45, 441.64887
46, 452.01403
47, 462.46897
48, 473.09431
49, 481.55770
50, 491.71229
51, 500.97593
52, 510.70819
53, 520.75048
54, 530.39667
55, 540.47033
56, 548.70416
57, 560.32294
58, 570.04899
59, 579.21090
60, 589.58296
61, 598.10411
62, 608.72948
63, 618.58960
